K,L,cat_0,cat_1,cat_2,cat_3,cat_4,cat_5,cat_6,cat_7,cat_8,cat_9,cat_10,cat_11,cat_12
0,0,0.030750308,0.01599016,0.007380074,0.03198032,0.011070111,0.019680196,0.013530135,0.011070111,0.034440346,0.7699877,0.022140222,0.023370234,0.0086100865
0,1,0.034421887,0.015887026,0.056487203,0.56751984,0.040600177,0.021182701,0.043248013,0.05560459,0.045013238,0.018534863,0.015887026,0.06707855,0.018534863
0,2,0.103492886,0.012936611,0.06080207,0.015523933,0.0465718,0.014230272,0.041397154,0.032341525,0.49417853,0.054333765,0.055627424,0.0038809832,0.06468305
0,3,0.032474805,0.05039194,0.025755879,0.03807391,0.032474805,0.043673012,0.08846585,0.04031355,0.04255319,0.011198209,0.5005599,0.07726764,0.016797312
0,4,0.01641266,0.022274327,0.057444315,0.033997655,0.07385697,0.037514653,0.029308323,0.00820633,0.033997655,0.6178195,0.029308323,0.023446659,0.01641266
0,5,0.034257747,0.040783033,0.081566066,0.019575857,0.026101142,0.0146818925,0.052202284,0.040783033,0.019575857,0.009787928,0.016313214,0.027732464,0.6166395
0,6,0.025873221,0.029754205,0.015523933,0.021992238,0.027166883,0.0077619664,0.04010349,0.6520052,0.03622251,0.03622251,0.027166883,0.029754205,0.05045278
0,7,0.040139616,0.5445026,0.05235602,0.034904014,0.057591625,0.02617801,0.012216405,0.020942409,0.06806283,0.019197207,0.06457242,0.006980803,0.05235602
0,8,0.025920874,0.016371077,0.006821282,0.03410641,0.027285129,0.0313779,0.0313779,0.028649386,0.040927693,0.60300136,0.08185539,0.036834925,0.03547067
0,9,0.020554984,0.010277492,0.031860225,0.036998972,0.64028776,0.051387463,0.009249743,0.05035971,0.023638232,0.04213772,0.015416238,0.032887977,0.034943473
1,0,0.029453015,0.036465637,0.021037867,0.021037867,0.008415148,0.67741936,0.037868164,0.014025246,0.009817672,0.042075735,0.042075735,0.036465637,0.023842918
1,1,0.01510574,0.08056395,0.081571,0.04934542,0.019133938,0.036253776,0.008056395,0.0130916415,0.03021148,0.0130916415,0.04330312,0.5840886,0.026183283
1,2,0.0088495575,0.028023599,0.03539823,0.042772863,0.017699115,0.025073746,0.020648967,0.030973451,0.6238938,0.029498525,0.07817109,0.017699115,0.041297935
1,3,0.028097063,0.044699874,0.014048532,0.05108557,0.07151979,0.5274585,0.038314175,0.01532567,0.03320562,0.03320562,0.06257982,0.037037037,0.043422733
1,4,0.07486631,0.029411765,0.036096256,0.020053476,0.025401069,0.028074866,0.6016043,0.04278075,0.018716577,0.014705882,0.030748663,0.05748663,0.020053476
1,5,0.091078065,0.055762082,0.06877323,0.0111524165,0.016728625,0.07063197,0.5092937,0.063197024,0.016728625,0.05204461,0.0111524165,0.016728625,0.016728625
1,6,0.013274336,0.0147492625,0.03982301,0.5294985,0.073746316,0.017699115,0.030973451,0.030973451,0.06342183,0.030973451,0.020648967,0.09439528,0.03982301
1,7,0.62425447,0.015904572,0.02584493,0.06560636,0.021868788,0.041749503,0.041749503,0.027833002,0.015904572,0.033797216,0.02385686,0.035785288,0.02584493
1,8,0.02643857,0.01866252,0.04043546,0.01088647,0.00933126,0.02954899,0.02954899,0.051321927,0.02488336,0.05598756,0.06842924,0.0155521,0.61897355
1,9,0.03516999,0.02813599,0.015240328,0.009378663,0.022274327,0.052754983,0.026963657,0.51465416,0.0926143,0.053927314,0.07151231,0.046893317,0.030480657
2,0,0.59706193,0.034627493,0.01049318,0.029380903,0.02098636,0.026232949,0.044071354,0.024134312,0.033578172,0.070304304,0.023084994,0.06820567,0.017838405
2,1,0.013544018,0.0165538,0.028592927,0.019563582,0.07674944,0.018811136,0.061700527,0.04288939,0.05492852,0.5470278,0.039127164,0.035364937,0.045146726
2,2,0.03311258,0.05629139,0.022075055,0.037527595,0.03311258,0.04746137,0.0397351,0.059602648,0.017660044,0.040838853,0.49668875,0.060706403,0.05518764
2,3,0.06685769,0.031518623,0.043935053,0.035339065,0.5845272,0.014326648,0.016236868,0.068767905,0.021967527,0.013371537,0.027698185,0.036294173,0.039159503
2,4,0.023,0.036,0.051,0.056,0.032,0.605,0.042,0.018,0.026,0.026,0.018,0.052,0.015
2,5,0.051532034,0.03064067,0.032033425,0.027855154,0.04874652,0.022284122,0.025069637,0.0362117,0.05988858,0.5738162,0.008356546,0.06406685,0.019498607
2,6,0.5739514,0.024282562,0.017660044,0.020971302,0.018763797,0.0077262693,0.01986755,0.05187638,0.017660044,0.028697573,0.12251656,0.054083884,0.041942604
2,7,0.023845008,0.034277197,0.043219075,0.04470939,0.010432191,0.09090909,0.020864382,0.017883755,0.017883755,0.023845008,0.62742174,0.032786883,0.011922504
2,8,0.0314319,0.033760186,0.036088474,0.012805588,0.0314319,0.015133876,0.023282887,0.026775321,0.10942957,0.5541327,0.04307334,0.034924332,0.047729917
2,9,0.041191936,0.024539877,0.026292726,0.023663454,0.028045574,0.038562663,0.0543383,0.036809817,0.021034181,0.61262053,0.020157756,0.0543383,0.018404908
3,0,0.019638648,0.035349566,0.04870385,0.034564022,0.03299293,0.027494108,0.07069913,0.23173606,0.3574234,0.030636292,0.033778477,0.045561664,0.031421836
3,1,0.03432752,0.042768713,0.023072595,0.033202026,0.02532358,0.037703995,0.036015756,0.056837365,0.024198087,0.35790658,0.23972988,0.042768713,0.04614519
3,2,0.042975206,0.043801654,0.032231405,0.02231405,0.024793388,0.07355372,0.25619835,0.36280993,0.03966942,0.026446281,0.025619835,0.029752066,0.01983471
3,3,0.05003574,0.0121515365,0.03288063,0.01715511,0.041458186,0.3488206,0.025732666,0.0378842,0.03431022,0.048606146,0.27734095,0.043602575,0.030021444
3,4,0.02020958,0.39146706,0.034431137,0.0142215565,0.28967065,0.030688623,0.017964073,0.031437125,0.028443113,0.031437125,0.032934133,0.028443113,0.048652694
3,5,0.24947807,0.036534447,0.03862213,0.041753653,0.027139874,0.050104383,0.035490606,0.36012527,0.049060542,0.032359082,0.03757829,0.02400835,0.017745303
3,6,0.023140496,0.028099174,0.028099174,0.024793388,0.06694215,0.017355371,0.042975206,0.34710744,0.04214876,0.052892562,0.24132231,0.052066118,0.03305785
3,7,0.06815642,0.37206703,0.02793296,0.032402236,0.03575419,0.02905028,0.05251397,0.27150837,0.008938547,0.040223464,0.03463687,0.015642459,0.011173184
3,8,0.02179599,0.047951177,0.023539668,0.0418483,0.034001745,0.0418483,0.024411509,0.044463817,0.05754141,0.034873582,0.014821273,0.5876199,0.025283348
3,9,0.019672131,0.022950819,0.028852459,0.021639343,0.035409834,0.0144262295,0.6019672,0.04918033,0.047213115,0.053114753,0.043934427,0.030163934,0.03147541
4,0,0.027290449,0.06042885,0.0331384,0.046783626,0.01754386,0.02534113,0.56725144,0.0877193,0.037037037,0.027290449,0.015594542,0.03508772,0.019493178
4,1,0.021037867,0.03085554,0.016830295,0.05890603,0.014025246,0.022440393,0.037868164,0.029453015,0.012622721,0.039270688,0.0743338,0.60589063,0.036465637
4,2,0.030737706,0.04918033,0.08196721,0.024590164,0.043032788,0.020491803,0.5717213,0.018442623,0.028688524,0.026639344,0.026639344,0.034836065,0.043032788
4,3,0.010657194,0.010657194,0.024866786,0.04973357,0.021314388,0.071047954,0.01598579,0.039076377,0.056838367,0.625222,0.021314388,0.026642984,0.026642984
4,4,0.044609666,0.044609666,0.031598512,0.014869888,0.65613383,0.007434944,0.03345725,0.035315987,0.03345725,0.020446097,0.00929368,0.020446097,0.048327137
4,5,0.043814432,0.5025773,0.0154639175,0.04639175,0.020618556,0.043814432,0.041237112,0.030927835,0.05670103,0.023195876,0.082474224,0.05412371,0.038659792
4,6,0.030737706,0.6106557,0.0102459015,0.028688524,0.034836065,0.047131147,0.024590164,0.043032788,0.045081966,0.022540983,0.026639344,0.022540983,0.05327869
4,7,0.016528925,0.5509642,0.024793388,0.002754821,0.03305785,0.030303031,0.046831954,0.0523416,0.024793388,0.08539945,0.005509642,0.09366391,0.03305785
4,8,0.015118791,0.043196544,0.041036718,0.023758098,0.017278617,0.10799136,0.034557234,0.5723542,0.015118791,0.012958963,0.05399568,0.023758098,0.03887689
4,9,0.6492659,0.063621536,0.07014682,0.021207178,0.040783033,0.032626428,0.0228385,0.0032626428,0.0228385,0.032626428,0.0032626428,0.017944535,0.019575857
5,0,0.63399696,0.024502298,0.019908117,0.019908117,0.035222054,0.013782542,0.04287902,0.012251149,0.049004596,0.029096479,0.036753446,0.05972435,0.022970904
5,1,0.04620462,0.02860286,0.10671067,0.0330033,0.02860286,0.0220022,0.03080308,0.0220022,0.02970297,0.03080308,0.02420242,0.5863586,0.0110011
5,2,0.041867957,0.0273752,0.032206118,0.05152979,0.074074075,0.019323671,0.085346214,0.017713366,0.47020933,0.05152979,0.035426732,0.048309177,0.045088567
5,3,0.050209206,0.029288704,0.072524406,0.012552301,0.033472802,0.050209206,0.013947002,0.054393306,0.030683404,0.022315202,0.016736401,0.033472802,0.58019525
5,4,0.010218978,0.0729927,0.03357664,0.030656934,0.010218978,0.042335767,0.037956204,0.03649635,0.013138686,0.6379562,0.013138686,0.04087591,0.020437956
5,5,0.06693712,0.030425964,0.06693712,0.01622718,0.042596348,0.03448276,0.01622718,0.62677485,0.01622718,0.022312373,0.036511157,0.00811359,0.01622718
5,6,0.040257648,0.04347826,0.037037037,0.035426732,0.04347826,0.04347826,0.045088567,0.056360707,0.0547504,0.004830918,0.04347826,0.5169082,0.035426732
5,7,0.03470716,0.5835141,0.01735358,0.07158352,0.021691974,0.03253796,0.028199567,0.03253796,0.04338395,0.04989154,0.019522777,0.02603037,0.039045554
5,8,0.028862478,0.018675722,0.013582343,0.039049234,0.55687606,0.03565365,0.13073005,0.03565365,0.032258064,0.030560272,0.010186757,0.0237691,0.044142615
5,9,0.0128040975,0.024327785,0.016645327,0.029449424,0.03585147,0.023047375,0.08578745,0.030729834,0.03585147,0.037131883,0.04737516,0.59411013,0.026888605
6,0,0.013490725,0.02698145,0.608769,0.05059022,0.03372681,0.032040473,0.05733558,0.016863406,0.030354131,0.040472176,0.021922428,0.0455312,0.021922428
6,1,0.04969697,0.030303031,0.030303031,0.0072727273,0.64969695,0.018181818,0.018181818,0.046060607,0.044848483,0.010909091,0.041212123,0.025454545,0.027878787
6,2,0.06382979,0.014184397,0.04255319,0.023049645,0.047872342,0.012411348,0.039007094,0.031914894,0.05496454,0.026595745,0.57624114,0.044326242,0.023049645
6,3,0.06451613,0.05529954,0.049155146,0.038402457,0.05529954,0.01843318,0.5268817,0.08294931,0.029185869,0.013824885,0.010752688,0.019969279,0.035330262
6,4,0.54662377,0.022508038,0.04340836,0.006430868,0.01607717,0.035369776,0.08681672,0.051446944,0.040192924,0.017684888,0.040192924,0.05305466,0.040192924
6,5,0.08928572,0.020089285,0.026785715,0.03348214,0.017857144,0.015625,0.020089285,0.06026786,0.625,0.013392857,0.035714287,0.03348214,0.008928572
6,6,0.03368794,0.017730497,0.06560284,0.05496454,0.05851064,0.035460994,0.010638298,0.028368793,0.06560284,0.028368793,0.56028366,0.008865248,0.031914894
6,7,0.023866348,0.057279237,0.045346063,0.06443914,0.03818616,0.026252983,0.011933174,0.023866348,0.023866348,0.5584726,0.016706444,0.014319809,0.09546539
6,8,0.12523365,0.04859813,0.037383176,0.028037382,0.0149532715,0.059813086,0.022429906,0.009345794,0.029906543,0.013084112,0.53271025,0.046728972,0.0317757
6,9,0.0098730605,0.08885755,0.019746121,0.014104372,0.012693935,0.07052186,0.01551481,0.056417488,0.04090268,0.021156559,0.06346968,0.5571227,0.029619182
7,0,0.018549748,0.05733558,0.008431703,0.021922428,0.5801012,0.042158514,0.010118044,0.082630694,0.042158514,0.0455312,0.035413153,0.02529511,0.030354131
7,1,0.026666667,0.030303031,0.046060607,0.016969698,0.033939395,0.008484849,0.012121212,0.07272727,0.021818181,0.035151515,0.04969697,0.027878787,0.6181818
7,2,0.0070921984,0.05851064,0.03723404,0.031914894,0.031914894,0.6560284,0.008865248,0.030141843,0.03723404,0.021276595,0.03723404,0.012411348,0.030141843
7,3,0.035330262,0.035330262,0.01843318,0.6006144,0.01843318,0.015360983,0.035330262,0.04454685,0.10599078,0.03686636,0.016897082,0.021505376,0.015360983
7,4,0.04340836,0.02733119,0.033762056,0.59807074,0.03215434,0.040192924,0.040192924,0.036977492,0.028938906,0.036977492,0.014469453,0.048231512,0.019292604
7,5,0.011160715,0.013392857,0.042410713,0.03125,0.020089285,0.011160715,0.042410713,0.020089285,0.042410713,0.65401787,0.05580357,0.029017856,0.026785715
7,6,0.044326242,0.03723404,0.05141844,0.5744681,0.019503547,0.040780142,0.023049645,0.04609929,0.014184397,0.023049645,0.021276595,0.026595745,0.07801419
7,7,0.00954654,0.016706444,0.016706444,0.052505966,0.031026253,0.050119333,0.050119333,0.028639618,0.55369925,0.071599044,0.03818616,0.042959426,0.03818616
7,8,0.028037382,0.026168223,0.057943925,0.046728972,0.0149532715,0.08224299,0.0149532715,0.022429906,0.042990655,0.01682243,0.50280374,0.072897196,0.07102804
7,9,0.61918193,0.02538787,0.052186176,0.005641749,0.01551481,0.016925247,0.039492242,0.036671367,0.01551481,0.042313118,0.023977432,0.026798308,0.08039492
8,0,0.059021924,0.021922428,0.05564924,0.047217537,0.58684653,0.02698145,0.0539629,0.016863406,0.016863406,0.02866779,0.037099496,0.021922428,0.02698145
8,1,0.016969698,0.05818182,0.03757576,0.02909091,0.020606061,0.021818181,0.5842424,0.046060607,0.035151515,0.048484847,0.030303031,0.05818182,0.013333334
8,2,0.030141843,0.031914894,0.015957447,0.024822695,0.060283687,0.05319149,0.04964539,0.5531915,0.026595745,0.014184397,0.017730497,0.069148935,0.05319149
8,3,0.03686636,0.015360983,0.049155146,0.004608295,0.033794165,0.041474655,0.019969279,0.016897082,0.60368663,0.035330262,0.041474655,0.041474655,0.059907835
8,4,0.03215434,0.01607717,0.03215434,0.05466238,0.6334405,0.03858521,0.019292604,0.025723472,0.019292604,0.022508038,0.030546624,0.017684888,0.057877813
8,5,0.56473213,0.03794643,0.015625,0.04017857,0.020089285,0.04017857,0.05357143,0.020089285,0.06026786,0.06026786,0.04017857,0.026785715,0.020089285
8,6,0.04609929,0.024822695,0.58156025,0.024822695,0.019503547,0.05319149,0.039007094,0.069148935,0.008865248,0.039007094,0.030141843,0.015957447,0.047872342
8,7,0.047732696,0.026252983,0.021479713,0.035799522,0.045346063,0.040572792,0.050119333,0.016706444,0.040572792,0.011933174,0.61097854,0.031026253,0.021479713
8,8,0.056074765,0.028037382,0.0149532715,0.55327106,0.056074765,0.029906543,0.011214953,0.046728972,0.046728972,0.03551402,0.0317757,0.078504674,0.011214953
8,9,0.05500705,0.019746121,0.029619182,0.018335683,0.004231312,0.63892806,0.011283498,0.032440055,0.028208744,0.047954865,0.02538787,0.029619182,0.059238363
9,0,0.032159265,0.02603369,0.018376723,0.019908117,0.0153139355,0.022970904,0.019908117,0.0474732,0.6753446,0.010719755,0.035222054,0.0153139355,0.061255742
9,1,0.00770077,0.027502751,0.569857,0.05830583,0.026402641,0.01870187,0.01980198,0.04290429,0.036303632,0.08360836,0.04840484,0.0440044,0.01650165
9,2,0.033816423,0.041867957,0.019323671,0.5716586,0.035426732,0.053140096,0.038647342,0.072463766,0.019323671,0.014492754,0.033816423,0.053140096,0.012882448
9,3,0.023709903,0.026499303,0.019525802,0.58716875,0.033472802,0.008368201,0.047419805,0.034867503,0.033472802,0.043235704,0.040446304,0.041841004,0.059972107
9,4,0.5065693,0.046715327,0.010218978,0.02189781,0.084671535,0.042335767,0.08029197,0.008759124,0.01459854,0.0890511,0.03357664,0.048175182,0.013138686
9,5,0.00811359,0.054766733,0.030425964,0.012170386,0.0831643,0.040567953,0.5922921,0.020283977,0.020283977,0.060851928,0.010141988,0.03448276,0.03245436
9,6,0.0273752,0.019323671,0.024154589,0.019323671,0.030595813,0.038647342,0.6231884,0.053140096,0.022544283,0.017713366,0.022544283,0.057971016,0.04347826
9,7,0.03253796,0.019522777,0.036876354,0.6008677,0.07158352,0.047722343,0.01735358,0.03253796,0.04338395,0.028199567,0.03253796,0.010845987,0.02603037
9,8,0.032258064,0.027164686,0.06621392,0.022071308,0.013582343,0.04244482,0.033955857,0.55178267,0.044142615,0.016977929,0.05942275,0.07470289,0.015280136
9,9,0.016645327,0.029449424,0.028169014,0.09731114,0.57362354,0.021766966,0.05377721,0.023047375,0.04481434,0.037131883,0.028169014,0.029449424,0.016645327
10,0,0.07692308,0.07692308,0.07692308,0.07692308,0.07692308,0.07692308,0.07692308,0.07692308,0.07692308,0.07692308,0.07692308,0.07692308,0.07692308
10,1,0.07692308,0.07692308,0.07692308,0.07692308,0.07692308,0.07692308,0.07692308,0.07692308,0.07692308,0.07692308,0.07692308,0.07692308,0.07692308
10,2,0.07692308,0.07692308,0.07692308,0.07692308,0.07692308,0.07692308,0.07692308,0.07692308,0.07692308,0.07692308,0.07692308,0.07692308,0.07692308
10,3,0.07692308,0.07692308,0.07692308,0.07692308,0.07692308,0.07692308,0.07692308,0.07692308,0.07692308,0.07692308,0.07692308,0.07692308,0.07692308
10,4,0.07692308,0.07692308,0.07692308,0.07692308,0.07692308,0.07692308,0.07692308,0.07692308,0.07692308,0.07692308,0.07692308,0.07692308,0.07692308
10,5,0.07692308,0.07692308,0.07692308,0.07692308,0.07692308,0.07692308,0.07692308,0.07692308,0.07692308,0.07692308,0.07692308,0.07692308,0.07692308
10,6,0.07692308,0.07692308,0.07692308,0.07692308,0.07692308,0.07692308,0.07692308,0.07692308,0.07692308,0.07692308,0.07692308,0.07692308,0.07692308
10,7,0.07692308,0.07692308,0.07692308,0.07692308,0.07692308,0.07692308,0.07692308,0.07692308,0.07692308,0.07692308,0.07692308,0.07692308,0.07692308
10,8,0.07692308,0.07692308,0.07692308,0.07692308,0.07692308,0.07692308,0.07692308,0.07692308,0.07692308,0.07692308,0.07692308,0.07692308,0.07692308
10,9,0.07692308,0.07692308,0.07692308,0.07692308,0.07692308,0.07692308,0.07692308,0.07692308,0.07692308,0.07692308,0.07692308,0.07692308,0.07692308
11,0,0.043090638,0.022288261,0.5497771,0.041604754,0.06686478,0.0074294205,0.0371471,0.052005943,0.017830608,0.008915304,0.07726597,0.031203566,0.044576522
11,1,0.01814301,0.6478122,0.029882604,0.027748132,0.01280683,0.035218783,0.022411954,0.02347919,0.037353255,0.06189968,0.037353255,0.010672359,0.035218783
11,2,0.046875,0.03125,0.03125,0.0640625,0.025,0.0453125,0.0265625,0.0703125,0.0203125,0.0484375,0.034375,0.0046875,0.5515625
11,3,0.029769959,0.040595397,0.01623816,0.027063599,0.0054127197,0.028416779,0.05277402,0.046008117,0.023004059,0.699594,0.014884979,0.00947226,0.0067658997
11,4,0.0694051,0.015580736,0.02691218,0.04390935,0.05382436,0.016997168,0.031161472,0.04532578,0.0056657223,0.035410766,0.016997168,0.6345609,0.004249292
11,5,0.031496063,0.015748031,0.057086613,0.027559055,0.021653544,0.057086613,0.023622047,0.068897635,0.02952756,0.04133858,0.5570866,0.051181104,0.017716536
11,6,0.584375,0.025,0.0421875,0.0734375,0.028125,0.05,0.040625,0.015625,0.0171875,0.04375,0.0515625,0.0109375,0.0171875
11,7,0.029473685,0.09052631,0.04842105,0.035789475,0.035789475,0.016842104,0.04,0.035789475,0.04842105,0.48421052,0.021052632,0.075789474,0.037894737
11,8,0.100494236,0.05107084,0.02306425,0.021416804,0.014827018,0.034596376,0.018121911,0.5864909,0.024711696,0.031301484,0.05930807,0.019769358,0.014827018
11,9,0.0124223605,0.04347826,0.06583851,0.009937888,0.5714286,0.048447207,0.03354037,0.045962732,0.019875776,0.0124223605,0.029813664,0.07329193,0.03354037
12,0,0.018549748,0.02698145,0.038785834,0.035413153,0.013490725,0.66104555,0.03372681,0.038785834,0.023608768,0.02529511,0.02698145,0.037099496,0.020236088
12,1,0.004848485,0.5090909,0.004848485,0.035151515,0.07272727,0.082424246,0.043636363,0.05090909,0.030303031,0.030303031,0.044848483,0.02909091,0.061818182
12,2,0.031914894,0.039007094,0.06205674,0.008865248,0.04255319,0.017730497,0.641844,0.035460994,0.021276595,0.005319149,0.03723404,0.031914894,0.024822695
12,3,0.04454685,0.05376344,0.010752688,0.026113672,0.024577573,0.04761905,0.033794165,0.59907836,0.0122887865,0.059907835,0.050691243,0.013824885,0.023041476
12,4,0.014469453,0.05466238,0.63022506,0.025723472,0.012861736,0.045016076,0.06913184,0.024115756,0.017684888,0.035369776,0.03215434,0.033762056,0.004823151
12,5,0.042410713,0.051339287,0.058035713,0.07589286,0.017857144,0.011160715,0.04464286,0.0066964286,0.03794643,0.017857144,0.017857144,0.035714287,0.58258927
12,6,0.060283687,0.028368793,0.030141843,0.05851064,0.047872342,0.43439716,0.03723404,0.076241136,0.05496454,0.028368793,0.04609929,0.06205674,0.035460994
12,7,0.014319809,0.03341289,0.03341289,0.040572792,0.016706444,0.042959426,0.03341289,0.00954654,0.035799522,0.035799522,0.021479713,0.050119333,0.6324582
12,8,0.52897197,0.04859813,0.0149532715,0.029906543,0.04485981,0.03364486,0.039252337,0.029906543,0.037383176,0.0317757,0.05046729,0.054205608,0.056074765
12,9,0.019746121,0.036671367,0.03102962,0.023977432,0.028208744,0.03102962,0.045133993,0.047954865,0.026798308,0.008462624,0.58674186,0.06346968,0.05077574
13,0,0.006821282,0.045020465,0.051841747,0.03410641,0.019099591,0.64392906,0.021828104,0.021828104,0.053206004,0.024556616,0.024556616,0.032742154,0.020463847
13,1,0.018609207,0.042115573,0.039177276,0.051909894,0.06072478,0.022526935,0.034280118,0.03623898,0.5445641,0.04015671,0.041136142,0.022526935,0.0460333
13,2,0.037302725,0.070301294,0.031563845,0.5810617,0.044476327,0.034433287,0.050215207,0.020086084,0.038737446,0.011477762,0.032998566,0.022955524,0.024390243
13,3,0.027329193,0.053416148,0.019875776,0.6173913,0.049689442,0.034782607,0.011180124,0.029813664,0.048447207,0.01863354,0.023602484,0.053416148,0.0124223605
13,4,0.014304291,0.058517557,0.026007803,0.019505851,0.039011702,0.0650195,0.033810142,0.51755524,0.042912874,0.023407022,0.08192458,0.035110533,0.042912874
13,5,0.027124774,0.0036166366,0.056057867,0.62748647,0.027124774,0.0144665465,0.04339964,0.039783,0.057866186,0.009041592,0.056057867,0.0198915,0.018083183
13,6,0.05451937,0.63414633,0.08895265,0.021520803,0.037302725,0.012912482,0.008608322,0.015781922,0.020086084,0.030129125,0.010043042,0.025824964,0.040172167
13,7,0.017408123,0.021276595,0.06382979,0.52998066,0.023210831,0.029013539,0.040618956,0.10638298,0.021276595,0.0967118,0.0058027077,0.030947777,0.013539651
13,8,0.016641453,0.046898637,0.037821483,0.016641453,0.010590015,0.018154312,0.019667171,0.015128593,0.04992436,0.5990923,0.031770047,0.0741301,0.06354009
13,9,0.03990878,0.034207527,0.03876853,0.025085518,0.5746864,0.018244013,0.017103763,0.04104903,0.043329533,0.037628278,0.0672748,0.03990878,0.022805016
14,0,0.05882353,0.025210084,0.0036014405,0.094837934,0.06842737,0.020408163,0.013205282,0.016806724,0.043217286,0.07322929,0.50660264,0.020408163,0.05522209
14,1,0.023255814,0.55900085,0.05081826,0.033591732,0.043927647,0.023255814,0.01894918,0.024978466,0.037037037,0.030146426,0.01894918,0.09905254,0.037037037
14,2,0.03409091,0.60858583,0.031565655,0.016414141,0.021464646,0.04292929,0.039141413,0.04292929,0.051767677,0.039141413,0.032828283,0.035353534,0.003787879
14,3,0.032786883,0.0021857924,0.027322404,0.033879783,0.030601094,0.027322404,0.06448087,0.03497268,0.06666667,0.0284153,0.5748634,0.038251366,0.038251366
14,4,0.018306635,0.011441648,0.005720824,0.062929064,0.005720824,0.034324944,0.013729977,0.6544622,0.016018307,0.025171624,0.08466819,0.040045768,0.027459955
14,5,0.031847134,0.05254777,0.02866242,0.030254778,0.0031847134,0.5748408,0.05254777,0.036624204,0.015923567,0.03821656,0.035031848,0.06369427,0.036624204
14,6,0.035353534,0.02020202,0.66161615,0.02020202,0.032828283,0.02020202,0.01010101,0.056818184,0.04292929,0.035353534,0.025252525,0.021464646,0.017676767
14,7,0.06132879,0.011925043,0.037478704,0.018739352,0.030664396,0.022146508,0.056218058,0.07155026,0.037478704,0.03577513,0.04940375,0.015332198,0.5519591
14,8,0.026631158,0.6298269,0.017310252,0.03994674,0.027962716,0.08255659,0.022636484,0.03994674,0.03328895,0.010652463,0.007989348,0.03728362,0.023968043
14,9,0.026078235,0.018054163,0.5877633,0.046138417,0.03209629,0.03009027,0.018054163,0.025075225,0.026078235,0.06018054,0.07021063,0.045135405,0.015045135
